>> a=ones(5,5)

a =

     1     1     1     1     1
     1     1     1     1     1
     1     1     1     1     1
     1     1     1     1     1
     1     1     1     1     1

>> b=zeros(5,5)

--------------------------------------------------------------------------------------------------------------

b =

     0     0     0     0     0
     0     0     0     0     0
     0     0     0     0     0
     0     0     0     0     0
     0     0     0     0     0

>> c=eye(5)

--------------------------------------------------------------------------------------------------------------

c =

     1     0     0     0     0
     0     1     0     0     0
     0     0     1     0     0
     0     0     0     1     0
     0     0     0     0     1

--------------------------------------------------------------------------------------------------------------

>> diag(a)

ans =

     1
     1
     1
     1
     1

--------------------------------------------------------------------------------------------------------------

>> diag(b)

ans =

     0
     0
     0
     0
     0

--------------------------------------------------------------------------------------------------------------

>> diag(c)

ans =

     1
     1
     1
     1
     1
