>> A=ones(20)

A =

  Columns 1 through 6

     1     1     1     1     1     1
     1     1     1     1     1     1
     1     1     1     1     1     1
     1     1     1     1     1     1
     1     1     1     1     1     1
     1     1     1     1     1     1
     1     1     1     1     1     1
     1     1     1     1     1     1
     1     1     1     1     1     1
     1     1     1     1     1     1
     1     1     1     1     1     1
     1     1     1     1     1     1
     1     1     1     1     1     1
     1     1     1     1     1     1
     1     1     1     1     1     1
     1     1     1     1     1     1
     1     1     1     1     1     1
     1     1     1     1     1     1
     1     1     1     1     1     1
     1     1     1     1     1     1

  Columns 7 through 12

     1     1     1     1     1     1
     1     1     1     1     1     1
     1     1     1     1     1     1
     1     1     1     1     1     1
     1     1     1     1     1     1
     1     1     1     1     1     1
     1     1     1     1     1     1
     1     1     1     1     1     1
     1     1     1     1     1     1
     1     1     1     1     1     1
     1     1     1     1     1     1
     1     1     1     1     1     1
     1     1     1     1     1     1
     1     1     1     1     1     1
     1     1     1     1     1     1
     1     1     1     1     1     1
     1     1     1     1     1     1
     1     1     1     1     1     1
     1     1     1     1     1     1
     1     1     1     1     1     1

  Columns 13 through 18

     1     1     1     1     1     1
     1     1     1     1     1     1
     1     1     1     1     1     1
     1     1     1     1     1     1
     1     1     1     1     1     1
     1     1     1     1     1     1
     1     1     1     1     1     1
     1     1     1     1     1     1
     1     1     1     1     1     1
     1     1     1     1     1     1
     1     1     1     1     1     1
     1     1     1     1     1     1
     1     1     1     1     1     1
     1     1     1     1     1     1
     1     1     1     1     1     1
     1     1     1     1     1     1
     1     1     1     1     1     1
     1     1     1     1     1     1
     1     1     1     1     1     1
     1     1     1     1     1     1

  Columns 19 through 20

     1     1
     1     1
     1     1
     1     1
     1     1
     1     1
     1     1
     1     1
     1     1
     1     1
     1     1
     1     1
     1     1
     1     1
     1     1
     1     1
     1     1
     1     1
     1     1
     1     1
---------------------------------------------------------------------------------------------------------------------------------------------------

>> A(6:15, 6:15)=0

A =

  Columns 1 through 6

     1     1     1     1     1     1
     1     1     1     1     1     1
     1     1     1     1     1     1
     1     1     1     1     1     1
     1     1     1     1     1     1
     1     1     1     1     1     0
     1     1     1     1     1     0
     1     1     1     1     1     0
     1     1     1     1     1     0
     1     1     1     1     1     0
     1     1     1     1     1     0
     1     1     1     1     1     0
     1     1     1     1     1     0
     1     1     1     1     1     0
     1     1     1     1     1     0
     1     1     1     1     1     1
     1     1     1     1     1     1
     1     1     1     1     1     1
     1     1     1     1     1     1
     1     1     1     1     1     1

  Columns 7 through 12

     1     1     1     1     1     1
     1     1     1     1     1     1
     1     1     1     1     1     1
     1     1     1     1     1     1
     1     1     1     1     1     1
     0     0     0     0     0     0
     0     0     0     0     0     0
     0     0     0     0     0     0
     0     0     0     0     0     0
     0     0     0     0     0     0
     0     0     0     0     0     0
     0     0     0     0     0     0
     0     0     0     0     0     0
     0     0     0     0     0     0
     0     0     0     0     0     0
     1     1     1     1     1     1
     1     1     1     1     1     1
     1     1     1     1     1     1
     1     1     1     1     1     1
     1     1     1     1     1     1

  Columns 13 through 18

     1     1     1     1     1     1
     1     1     1     1     1     1
     1     1     1     1     1     1
     1     1     1     1     1     1
     1     1     1     1     1     1
     0     0     0     1     1     1
     0     0     0     1     1     1
     0     0     0     1     1     1
     0     0     0     1     1     1
     0     0     0     1     1     1
     0     0     0     1     1     1
     0     0     0     1     1     1
     0     0     0     1     1     1
     0     0     0     1     1     1
     0     0     0     1     1     1
     1     1     1     1     1     1
     1     1     1     1     1     1
     1     1     1     1     1     1
     1     1     1     1     1     1
     1     1     1     1     1     1

  Columns 19 through 20

     1     1
     1     1
     1     1
     1     1
     1     1
     1     1
     1     1
     1     1
     1     1
     1     1
     1     1
     1     1
     1     1
     1     1
     1     1
     1     1
     1     1
     1     1
     1     1
     1     1
---------------------------------------------------------------------------------------------------------------------------------------------------

>> A(16:20, 1:5) = 0

A =

  Columns 1 through 6

     1     1     1     1     1     1
     1     1     1     1     1     1
     1     1     1     1     1     1
     1     1     1     1     1     1
     1     1     1     1     1     1
     1     1     1     1     1     0
     1     1     1     1     1     0
     1     1     1     1     1     0
     1     1     1     1     1     0
     1     1     1     1     1     0
     1     1     1     1     1     0
     1     1     1     1     1     0
     1     1     1     1     1     0
     1     1     1     1     1     0
     1     1     1     1     1     0
     0     0     0     0     0     1
     0     0     0     0     0     1
     0     0     0     0     0     1
     0     0     0     0     0     1
     0     0     0     0     0     1

  Columns 7 through 12

     1     1     1     1     1     1
     1     1     1     1     1     1
     1     1     1     1     1     1
     1     1     1     1     1     1
     1     1     1     1     1     1
     0     0     0     0     0     0
     0     0     0     0     0     0
     0     0     0     0     0     0
     0     0     0     0     0     0
     0     0     0     0     0     0
     0     0     0     0     0     0
     0     0     0     0     0     0
     0     0     0     0     0     0
     0     0     0     0     0     0
     0     0     0     0     0     0
     1     1     1     1     1     1
     1     1     1     1     1     1
     1     1     1     1     1     1
     1     1     1     1     1     1
     1     1     1     1     1     1

  Columns 13 through 18

     1     1     1     1     1     1
     1     1     1     1     1     1
     1     1     1     1     1     1
     1     1     1     1     1     1
     1     1     1     1     1     1
     0     0     0     1     1     1
     0     0     0     1     1     1
     0     0     0     1     1     1
     0     0     0     1     1     1
     0     0     0     1     1     1
     0     0     0     1     1     1
     0     0     0     1     1     1
     0     0     0     1     1     1
     0     0     0     1     1     1
     0     0     0     1     1     1
     1     1     1     1     1     1
     1     1     1     1     1     1
     1     1     1     1     1     1
     1     1     1     1     1     1
     1     1     1     1     1     1

  Columns 19 through 20

     1     1
     1     1
     1     1
     1     1
     1     1
     1     1
     1     1
     1     1
     1     1
     1     1
     1     1
     1     1
     1     1
     1     1
     1     1
     1     1
     1     1
     1     1
     1     1
     1     1
